Name,Subject,Level,Candidates,Mean Grade,1%,2%,3%,4%,5%,6%,7%,Session,Year
ALBANIA A LIT HL,ALBANIA A LIT,HL,26,6.65,0,0,0,0,3.8,26.9,69.2,May,2020
ALBANIA A LIT SL,ALBANIA A LIT,SL,34,6.56,0,0,0,0,11.8,20.6,67.6,May,2020
AMHARIC A LIT HL,AMHARIC A LIT,HL,26,6.88,0,0,0,0,0,11.5,88.5,May,2020
AMHARIC A LIT SL,AMHARIC A LIT,SL,24,6.42,0,0,0,0,8.3,41.7,50,May,2020
ARABIC A LAL HL,ARABIC A LAL,HL,177,5.9,0,0,0.6,0,24.3,58.8,16.4,May,2020
ARABIC A LAL SL,ARABIC A LAL,SL,351,5.73,0,0,0.6,6.3,28.5,49,15.7,May,2020
ARABIC A LIT HL,ARABIC A LIT,HL,59,5.68,0,0,1.7,16.9,22,30.5,28.8,May,2020
ARABIC A LIT SL,ARABIC A LIT,SL,277,5.49,0,1.5,5.6,16.4,27.1,18.2,31.2,May,2020
ARMENIA A LIT SL,ARMENIA A LIT,SL,27,6.59,0,0,0,0,3.7,33.3,63,May,2020
AZERBAI A LIT HL,AZERBAI A LIT,HL,27,6.78,0,0,0,0,0,22.2,77.8,May,2020
BENGALI A LIT SL,BENGALI A LIT,SL,32,6.34,0,0,0,0,21.9,21.9,56.3,May,2020
BOSNIAN A LIT HL,BOSNIAN A LIT,HL,45,6.02,0,0,0,2.2,22.2,46.7,28.9,May,2020
BOSNIAN A LIT SL,BOSNIAN A LIT,SL,10,5.9,0,0,0,0,30,50,20,May,2020
BULGARI A LIT HL,BULGARI A LIT,HL,49,6.26,0,0,0,2.1,12.8,42.6,42.6,May,2020
BULGARI A LIT SL,BULGARI A LIT,SL,17,6.19,0,0,0,0,25,31.3,43.8,May,2020
CATALAN A LIT HL,CATALAN A LIT,HL,148,6.18,0,0,0,1.4,17.6,43.2,37.8,May,2020
CATALAN A LIT SL,CATALAN A LIT,SL,27,5.37,0,0,0,18.5,33.3,40.7,7.4,May,2020
CHINESE A LAL HL,CHINESE A LAL,HL,731,6.12,0,0,0.1,2.3,15.3,49.3,32.9,May,2020
CHINESE A LAL SL,CHINESE A LAL,SL,1694,6.2,0,0,0.1,1.7,12.3,49.9,36.1,May,2020
CHINESE A LIT HL,CHINESE A LIT,HL,577,5.82,0,0,0,5.4,27.7,46.9,20,May,2020
CHINESE A LIT SL,CHINESE A LIT,SL,1537,5.74,0,0,0.7,6.2,30.7,43.4,19,May,2020
CROATIA A LIT HL,CROATIA A LIT,HL,52,6.06,0,0,0,3.8,17.3,48.1,30.8,May,2020
CROATIA A LIT SL,CROATIA A LIT,SL,26,5.65,0,0,0,11.5,38.5,23.1,26.9,May,2020
CZECH A LIT HL,CZECH A LIT,HL,99,6.29,0,0,0,4.1,11.2,36.7,48,May,2020
CZECH A LIT SL,CZECH A LIT,SL,78,5.96,0,0,1.3,5.3,28.9,25,39.5,May,2020
DANISH A LIT HL,DANISH A LIT,HL,174,5.87,0,0,0.6,9.2,28.2,27,35.1,May,2020
DANISH A LIT SL,DANISH A LIT,SL,145,5.76,0,0,3.5,11.2,21,34.3,30.1,May,2020
DUTCH A LAL HL,DUTCH A LAL,HL,129,5.43,0,0,0,13.2,39.5,38,9.3,May,2020
DUTCH A LAL SL,DUTCH A LAL,SL,218,5.86,0,0,1.4,6.9,23.9,40.4,27.5,May,2020
DUTCH A LIT HL,DUTCH A LIT,HL,18,5.94,0,0,0,5.6,27.8,33.3,33.3,May,2020
DUTCH A LIT SL,DUTCH A LIT,SL,132,5.04,0,0.8,6.9,19.1,40.5,26.7,6.1,May,2020
ENGLISH A LAL HL,ENGLISH A LAL,HL,30769,5.14,0,0.4,4.9,21.4,35.2,29.4,8.7,May,2020
ENGLISH A LAL SL,ENGLISH A LAL,SL,18786,5.45,0,0.2,2.4,14,32.1,38,13.4,May,2020
ENGLISH A LIT HL,ENGLISH A LIT,HL,37291,4.84,0,0.5,5.9,29.9,41.1,18,4.5,May,2020
ESTONIA A LIT HL,ESTONIA A LIT,HL,14,6.79,0,0,0,0,0,21.4,78.6,May,2020
ESTONIA A LIT SL,ESTONIA A LIT,SL,17,6.56,0,0,0,0,12.5,18.8,68.8,May,2020
FILIPIN A LIT HL,FILIPIN A LIT,HL,12,5.75,0,0,0,0,41.7,41.7,16.7,May,2020
FILIPIN A LIT SL,FILIPIN A LIT,SL,60,5.3,0,3.3,8.3,11.7,26.7,31.7,18.3,May,2020
FINNISH A LIT HL,FINNISH A LIT,HL,144,5.9,0,0,0,4.2,28,42,25.9,May,2020
FINNISH A LIT SL,FINNISH A LIT,SL,162,5.7,0,0,0.6,11.3,26.3,41.3,20.6,May,2020
FRENCH A LAL HL,FRENCH A LAL,HL,610,5.44,0,0,1.8,17.5,32.2,31.6,16.9,May,2020
FRENCH A LAL SL,FRENCH A LAL,SL,550,5.68,0,0,0.9,12.1,27.4,36.9,22.7,May,2020
FRENCH A LIT HL,FRENCH A LIT,HL,404,5.59,0,0,1.7,13.7,30.4,32.4,21.7,May,2020
FRENCH A LIT SL,FRENCH A LIT,SL,302,5.37,0,0,3,18.4,32.8,29.8,16.1,May,2020
GEORGIA A LIT HL,GEORGIA A LIT,HL,37,6.3,0,0,0,2.7,10.8,40.5,45.9,May,2020
GERMAN A LAL HL,GERMAN A LAL,HL,441,5.68,0,0,0.9,9.1,29.2,42.8,18,May,2020
GERMAN A LAL SL,GERMAN A LAL,SL,560,5.62,0,0,0.5,11.6,30.8,39.4,17.6,May,2020
GERMAN A LIT HL,GERMAN A LIT,HL,576,5.41,0,0,1.7,13.7,40.2,30.3,14.1,May,2020
GERMAN A LIT SL,GERMAN A LIT,SL,312,5.31,0,0.7,3.9,18,31.8,31.8,13.8,May,2020
HEBREW A LIT SL,HEBREW A LIT,SL,47,6.33,0,0,0,6.7,6.7,33.3,53.3,May,2020
HINDI A LIT HL,HINDI A LIT,HL,47,6,0,0,0,2.1,21.3,51.1,25.5,May,2020
HINDI A LIT SL,HINDI A LIT,SL,133,5.97,0,0,0.8,9.1,18.2,36.4,35.6,May,2020
HUNGARI A LIT HL,HUNGARI A LIT,HL,20,6.5,0,0,0,0,10,30,60,May,2020
HUNGARI A LIT SL,HUNGARI A LIT,SL,61,6.27,0,0,0,3.3,13.3,36.7,46.7,May,2020
INDONES A LAL HL,INDONES A LAL,HL,111,5.56,0,0,0.9,12.7,31.8,38.2,16.4,May,2020
INDONES A LAL SL,INDONES A LAL,SL,244,5.95,0,0,0,5.3,21,47.3,26.3,May,2020
INDONES A LIT HL,INDONES A LIT,HL,62,6.11,0,0,0,0,21,46.8,32.3,May,2020
INDONES A LIT SL,INDONES A LIT,SL,139,6.04,0,0,0.7,3.6,23.4,35.8,36.5,May,2020
ITALIAN A LAL HL,ITALIAN A LAL,HL,98,5.97,0,0,0,6.1,18.4,48,27.6,May,2020
ITALIAN A LAL SL,ITALIAN A LAL,SL,128,6.2,0,0,0,0,14.1,51.6,34.4,May,2020
ITALIAN A LIT HL,ITALIAN A LIT,HL,192,5.33,0,0,2.1,16.7,37,34.9,9.4,May,2020
ITALIAN A LIT SL,ITALIAN A LIT,SL,156,5.08,0,0.6,3.2,26,37,23.4,9.7,May,2020
JAPANES A LAL HL,JAPANES A LAL,HL,136,5.87,0,0,0,5.2,26.7,44.4,23.7,May,2020
JAPANES A LAL SL,JAPANES A LAL,SL,130,5.82,0,0,0,3.8,27.7,50.8,17.7,May,2020
JAPANES A LIT HL,JAPANES A LIT,HL,103,6.36,0,0,0,1.9,9.7,38.8,49.5,May,2020
JAPANES A LIT SL,JAPANES A LIT,SL,147,5.94,0,0,0,7.9,22.9,36.4,32.9,May,2020
KAZAKH A LIT SL,KAZAKH A LIT,SL,17,5.18,0,0,0,17.6,52.9,23.5,5.9,May,2020
KHMER A LIT HL,KHMER A LIT,HL,18,6.67,0,0,0,0,0,33.3,66.7,May,2020
KHMER A LIT SL,KHMER A LIT,SL,24,6.42,0,0,0,0,4.2,50,45.8,May,2020
KOREAN A LAL HL,KOREAN A LAL,HL,118,6.4,0,0,0,0,5.9,48.3,45.8,May,2020
KOREAN A LAL SL,KOREAN A LAL,SL,258,6.4,0,0,0,1.2,7.8,41.5,49.6,May,2020
KOREAN A LIT HL,KOREAN A LIT,HL,109,6,0,0,0,1.8,20.2,54.1,23.9,May,2020
KOREAN A LIT SL,KOREAN A LIT,SL,375,6.06,0,0,0.3,2.4,19.1,47.3,30.9,May,2020
LAO A LIT SL,LAO A LIT,SL,10,5.6,0,0,0,10,30,50,10,May,2020
LATVIAN A LIT HL,LATVIAN A LIT,HL,32,6.41,0,0,0,3.1,9.4,31.3,56.3,May,2020
LATVIAN A LIT SL,LATVIAN A LIT,SL,21,6.1,0,0,0,10,0,60,30,May,2020
LITHUAN A LIT HL,LITHUAN A LIT,HL,30,6.43,0,0,0,0,10,36.7,53.3,May,2020
LITHUAN A LIT SL,LITHUAN A LIT,SL,79,6.29,0,1.3,0,1.3,7.7,44.9,44.9,May,2020
MACEDON A LIT HL,MACEDON A LIT,HL,38,6.92,0,0,0,0,2.6,2.6,94.7,May,2020
MACEDON A LIT SL,MACEDON A LIT,SL,17,6.47,0,0,0,0,11.8,29.4,58.8,May,2020
MALAY A LIT HL,MALAY A LIT,HL,28,6.11,0,0,0,0,14.3,60.7,25,May,2020
MALAY A LIT SL,MALAY A LIT,SL,242,6.65,0,0,0,0.4,1.2,31,67.4,May,2020
MOD. GR A LAL HL,MOD. GR A LAL,HL,73,6.22,0,0,0,1.4,13.7,46.6,38.4,May,2020
MOD. GR A LIT HL,MOD. GR A LIT,HL,29,5.79,0,0,0,13.8,20.7,37.9,27.6,May,2020
MOD. GR A LIT SL,MOD. GR A LIT,SL,302,5.94,0,0,1.3,8.3,21.6,32.2,36.5,May,2020
MONGOLI A LIT HL,MONGOLI A LIT,HL,15,6.53,0,0,0,6.7,6.7,13.3,73.3,May,2020
MONGOLI A LIT SL,MONGOLI A LIT,SL,15,5.79,0,0,0,21.4,7.1,42.9,28.6,May,2020
NEPALI A LIT SL,NEPALI A LIT,SL,36,6.68,0,0,0,2.9,0,23.5,73.5,May,2020
NORWEGI A LAL HL,NORWEGI A LAL,HL,23,6.22,0,0,0,4.3,17.4,30.4,47.8,May,2020
NORWEGI A LAL SL,NORWEGI A LAL,SL,24,6.33,0,0,0,4.2,12.5,29.2,54.2,May,2020
NORWEGI A LIT HL,NORWEGI A LIT,HL,161,5.76,0,0,2.5,13.3,22.2,29.7,32.3,May,2020
NORWEGI A LIT SL,NORWEGI A LIT,SL,163,5.42,0,1.3,6.3,15.7,25.8,27.7,23.3,May,2020
PERSIAN A LIT HL,PERSIAN A LIT,HL,34,4.62,0,2.9,2.9,35.3,47.1,11.8,0,May,2020
PERSIAN A LIT SL,PERSIAN A LIT,SL,55,4.25,0,3.9,25.5,31.4,21.6,15.7,2,May,2020
POLISH A LIT HL,POLISH A LIT,HL,189,5.97,0,0,0.5,7,22.5,34.8,35.3,May,2020
POLISH A LIT SL,POLISH A LIT,SL,961,5.71,0,0,0.7,7.4,32.2,39.8,19.9,May,2020
PORTUGU A LAL HL,PORTUGU A LAL,HL,400,5.66,0,0,0.5,9.5,29.4,44.5,16.1,May,2020
PORTUGU A LAL SL,PORTUGU A LAL,SL,221,5.91,0,0,0,3.6,28.5,41.2,26.7,May,2020
PORTUGU A LIT HL,PORTUGU A LIT,HL,81,5.95,0,0,0,5,20,50,25,May,2020
PORTUGU A LIT SL,PORTUGU A LIT,SL,65,5.76,0,0,0,9.7,25.8,43.5,21,May,2020
ROMANIA A LIT HL,ROMANIA A LIT,HL,13,6.85,0,0,0,0,0,15.4,84.6,May,2020
ROMANIA A LIT SL,ROMANIA A LIT,SL,22,6.76,0,0,0,0,0,23.8,76.2,May,2020
RUSSIAN A LAL HL,RUSSIAN A LAL,HL,62,6.18,0,0,0,6.5,11.3,40.3,41.9,May,2020
RUSSIAN A LAL SL,RUSSIAN A LAL,SL,110,5.97,0,0,0,1.8,24.5,48.2,25.5,May,2020
RUSSIAN A LIT HL,RUSSIAN A LIT,HL,131,5.78,0,0.8,4.6,9.2,22.3,27.7,35.4,May,2020
RUSSIAN A LIT SL,RUSSIAN A LIT,SL,279,5.16,0,1.1,11.4,19.4,26.4,21.6,20.1,May,2020
SERBIAN A LIT HL,SERBIAN A LIT,HL,50,6.34,0,0,0,0,16,34,50,May,2020
SERBIAN A LIT SL,SERBIAN A LIT,SL,35,6.37,0,0,0,2.9,8.6,37.1,51.4,May,2020
SESOTHO A LIT HL,SESOTHO A LIT,HL,12,6.08,0,0,0,0,16.7,58.3,25,May,2020
SLOVAK A LIT SL,SLOVAK A LIT,SL,69,6.36,0,0,0,1.5,16.4,26.9,55.2,May,2020
SLOVENE A LIT HL,SLOVENE A LIT,HL,68,6.5,0,0,0,2.9,2.9,35.3,58.8,May,2020
SPANISH A LAL HL,SPANISH A LAL,HL,3122,5.48,0,0.1,2.8,13.4,32.1,35.4,16.1,May,2020
SPANISH A LAL SL,SPANISH A LAL,SL,1334,5.32,0,1.1,6.8,16.6,28.8,27.8,19,May,2020
SPANISH A LIT HL,SPANISH A LIT,HL,6013,4.74,0,1.3,10.9,29.5,34.8,18.1,5.4,May,2020
SPANISH A LIT SL,SPANISH A LIT,SL,627,5.24,0,0,5.8,18.8,34.7,27.3,13.3,May,2020
SWAHILI A LIT HL,SWAHILI A LIT,HL,13,6.15,0,0,0,0,0,84.6,15.4,May,2020
SWAHILI A LIT SL,SWAHILI A LIT,SL,25,6.12,0,0,0,0,20,48,32,May,2020
SWEDISH A LAL HL,SWEDISH A LAL,HL,71,5.54,0,0,1.4,12.9,31.4,38.6,15.7,May,2020
SWEDISH A LAL SL,SWEDISH A LAL,SL,151,5.47,0,0,0.7,13.3,36,38,12,May,2020
SWEDISH A LIT HL,SWEDISH A LIT,HL,108,5.63,0,0,2.8,14.8,19.4,42.6,20.4,May,2020
SWEDISH A LIT SL,SWEDISH A LIT,SL,197,5.66,0,0.5,2.6,10.3,25.8,38.1,22.7,May,2020
THAI A LAL HL,THAI A LAL,HL,34,6.09,0,0,0,2.9,17.6,47.1,32.4,May,2020
THAI A LAL SL,THAI A LAL,SL,176,6.28,0,0,0,2.3,14.2,36.4,47.2,May,2020
THAI A LIT SL,THAI A LIT,SL,31,5.07,0,0,3.3,36.7,23.3,23.3,13.3,May,2020
TURKISH A LIT HL,TURKISH A LIT,HL,387,5.83,0,0.3,1,9.9,24.9,32.2,31.7,May,2020
TURKISH A LIT SL,TURKISH A LIT,SL,461,6.03,0,0.2,2.2,3.5,21.4,33.8,38.9,May,2020
UKRAINI A LIT SL,UKRAINI A LIT,SL,12,6,0,0,0,0,33.3,33.3,33.3,May,2020
URDU A LIT HL,URDU A LIT,HL,16,6.63,0,0,0,0,6.3,25,68.8,May,2020
URDU A LIT SL,URDU A LIT,SL,43,6.35,0,0,0,0,11.6,41.9,46.5,May,2020
VIETNAM A LIT HL,VIETNAM A LIT,HL,64,5.98,0,0,0,0,17.2,67.2,15.6,May,2020
ARABIC AB. SL,ARABIC AB.,SL,317,5.18,0.3,1.6,9.5,17.8,25.4,30.2,15.2,May,2020
ARABIC B HL,ARABIC B,HL,1006,6.11,0,0,0.1,4.3,16.7,41.9,37,May,2020
ARABIC B SL,ARABIC B,SL,679,5.73,0,0.1,1.6,8.6,22.5,48.6,18.5,May,2020
CHINESE B HL,CHINESE B,HL,929,6.35,0,0,0.2,2.2,8.5,40.9,48.2,May,2020
CHINESE B SL,CHINESE B,SL,2643,6.08,0,0.4,2.7,5.7,14.9,31.9,44.4,May,2020
CLASS.GREEK HL,CLASS.GREEK,HL,15,6.67,0,0,0,0,6.7,20,73.3,May,2020
CLASS.GREEK SL,CLASS.GREEK,SL,20,5.6,0,5,5,10,20,25,35,May,2020
DANISH AB. SL,DANISH AB.,SL,51,5.64,0,0,4.3,17,17,34,27.7,May,2020
DANISH B HL,DANISH B,HL,223,5.72,0,0.5,5.9,10.4,18,35.6,29.7,May,2020
DANISH B SL,DANISH B,SL,21,5.15,0,0,0,30,35,25,10,May,2020
DUTCH B HL,DUTCH B,HL,155,6.07,0,0,0,3.9,14.8,51.6,29.7,May,2020
DUTCH B SL,DUTCH B,SL,192,5.48,0,0,1.6,13.5,38.5,28.1,18.2,May,2020
ENGLISH AB. SL,ENGLISH AB.,SL,1890,4.84,0.2,2.3,12.6,24.4,27.9,24,8.6,May,2020
ENGLISH B HL,ENGLISH B,HL,17255,6.02,0,0,0.4,4.5,19.4,43.9,31.9,May,2020
ENGLISH B SL,ENGLISH B,SL,2767,5.82,0,0.1,1.5,6.7,22.6,45.8,23.3,May,2020
FINNISH B HL,FINNISH B,HL,34,5.91,0,0,0,2.9,26.5,47.1,23.5,May,2020
FINNISH B SL,FINNISH B,SL,54,6.06,0,0,1.9,5.6,18.5,33.3,40.7,May,2020
FRENCH AB. SL,FRENCH AB.,SL,4002,4.97,0.1,2.9,10.1,23.4,25.9,24.7,12.8,May,2020
FRENCH B HL,FRENCH B,HL,3709,5.27,0.1,1.7,9.3,16.3,23.8,29.3,19.4,May,2020
FRENCH B SL,FRENCH B,SL,12402,5.07,0,1.4,8.7,21.9,27.8,29.5,10.7,May,2020
GERMAN AB. SL,GERMAN AB.,SL,1364,5.09,0,1.2,9.7,20.6,27.3,30.4,10.9,May,2020
GERMAN B HL,GERMAN B,HL,1649,5.81,0,0,2,9.5,22.7,37.3,28.5,May,2020
GERMAN B SL,GERMAN B,SL,2003,5.16,0,0.6,8.2,20.8,29.7,26.6,14.2,May,2020
HEBREW B SL,HEBREW B,SL,49,6.12,0,0,0,4.1,16.3,42.9,36.7,May,2020
HINDI B HL,HINDI B,HL,507,5.73,0,0,0.2,6.7,27,52.3,13.8,May,2020
HINDI B SL,HINDI B,SL,1028,5.85,0,0,0.3,3.5,22.8,58.1,15.3,May,2020
INDONESIAN B HL,INDONESIAN B,HL,185,6.14,0,0,1.1,1.6,10.3,56.2,30.8,May,2020
INDONESIAN B SL,INDONESIAN B,SL,217,6.04,0,0,0.5,3.2,18,48.8,29.5,May,2020
ITALIAN AB. SL,ITALIAN AB.,SL,538,5.03,0,1.3,10.1,23.7,28.4,22.2,14.2,May,2020
ITALIAN B HL,ITALIAN B,HL,253,6,0,0.4,7.2,5.2,12.9,27.7,46.6,May,2020
ITALIAN B SL,ITALIAN B,SL,415,4.87,0,1.5,19.6,24.7,17.7,17.7,18.9,May,2020
JAPANESE AB. SL,JAPANESE AB.,SL,440,5.23,0,3.3,11,14,23.8,26.4,21.4,May,2020
JAPANESE B HL,JAPANESE B,HL,121,6.17,0,0,2.5,9.2,7.5,30.8,50,May,2020
JAPANESE B SL,JAPANESE B,SL,348,5.17,0,0,8.1,23.4,27.5,25.7,15.3,May,2020
KOREAN B HL,KOREAN B,HL,38,6.46,0,0,0,0,8.1,37.8,54.1,May,2020
KOREAN B SL,KOREAN B,SL,61,6.26,0,1.6,0,8.2,6.6,27.9,55.7,May,2020
LATIN HL,LATIN,HL,270,4.99,0.8,5.3,13.9,19.9,17.3,19.9,22.9,May,2020
LATIN SL,LATIN,SL,901,4.44,0.3,4.2,25.4,27.6,16.4,15.5,10.5,May,2020
MALAY AB. SL,MALAY AB.,SL,46,6.35,0,0,0,0,8.7,47.8,43.5,May,2020
MANDARIN AB. SL,MANDARIN AB.,SL,1456,5.56,0,1.3,6.2,13.8,20.5,29.7,28.5,May,2020
NORWEGIAN B HL,NORWEGIAN B,HL,117,5.95,0,0,4.7,5.6,19.6,29.9,40.2,May,2020
NORWEGIAN B SL,NORWEGIAN B,SL,107,5.25,0,0,9.7,22.3,23.3,22.3,22.3,May,2020
PORTUGUESE B HL,PORTUGUESE B,HL,65,6.65,0,0,0,1.5,4.6,21.5,72.3,May,2020
PORTUGUESE B SL,PORTUGUESE B,SL,120,6,0,0,0,3.4,24.6,40.7,31.4,May,2020
RUSSIAN AB. SL,RUSSIAN AB.,SL,93,5.59,0,1.1,8.8,13.2,18.7,23.1,35.2,May,2020
RUSSIAN B HL,RUSSIAN B,HL,94,6.7,0,0,0,0,6.4,17,76.6,May,2020
RUSSIAN B SL,RUSSIAN B,SL,107,6.28,0,0,0.9,1.9,9.3,43.9,43.9,May,2020
SPANISH AB. SL,SPANISH AB.,SL,7802,5.08,0.1,2,8.3,22.9,26.5,26.1,14.1,May,2020
SPANISH B HL,SPANISH B,HL,8332,5.69,0,0.7,4.5,12.4,19.8,32.2,30.3,May,2020
SWAHILI AB. SL,SWAHILI AB.,SL,65,5.83,0,0,0,9.2,21.5,46.2,23.1,May,2020
SWAHILI B HL,SWAHILI B,HL,44,6.11,0,0,0,0,13.6,61.4,25,May,2020
SWAHILI B SL,SWAHILI B,SL,63,5.73,0,0,0,1.6,39.7,42.9,15.9,May,2020
SWEDISH AB. SL,SWEDISH AB.,SL,102,5.53,0,0,6.9,13.9,23.8,29.7,25.7,May,2020
SWEDISH B HL,SWEDISH B,HL,146,5.97,0,0,2.2,10.1,14.5,34.8,38.4,May,2020
ART HISTORY SL,ART HISTORY,SL,172,5.18,0,2.4,11.5,14.5,26.7,27.3,17.6,May,2020
BRAZ.SOC.STUD SL,BRAZ.SOC.STUD,SL,181,5.53,0,2.2,4.4,15.6,22.2,27.2,28.3,May,2020
BUS MAN HL,BUS MAN,HL,16203,5.31,0,0.9,5.5,22.2,23.7,27.7,19.9,May,2020
BUS MAN SL,BUS MAN,SL,7993,5.25,0.2,2.3,6.7,15.4,31.2,26.1,18,May,2020
CL.GK.ROM.ST. SL,CL.GK.ROM.ST.,SL,33,6.42,0,0,0,0,6.1,45.5,48.5,May,2020
ECONOMICS HL,ECONOMICS,HL,16953,5.34,0.2,0.9,5.7,13.7,32.4,32,15.2,May,2020
ECONOMICS SL,ECONOMICS,SL,8878,4.98,0.2,2.3,11.7,19.4,28.8,26.9,10.8,May,2020
GEOGRAPHY HL,GEOGRAPHY,HL,5321,5.41,0,0.3,4.5,12.7,37,27.7,17.8,May,2020
GEOGRAPHY SL,GEOGRAPHY,SL,3924,4.98,0.2,1.6,12,19.9,31.8,21.8,12.8,May,2020
GLOB. POL HL,GLOB. POL,HL,2974,5.31,0,0.3,3.9,18.3,33.1,31.1,13.3,May,2020
GLOB. POL SL,GLOB. POL,SL,1950,4.79,0,2.7,11.2,25.3,34.7,17.9,8.3,May,2020
HISTORY HL,HISTORY,HL,42462,4.53,0.1,3.2,11.5,37.2,28.7,15.2,4.1,May,2020
HISTORY SL,HISTORY,SL,7671,4.7,0,2.4,9.3,32.8,31.8,18.8,4.9,May,2020
ITGS HL,ITGS,HL,1453,4.49,0.5,3.9,13.8,32.9,29.9,15.3,3.8,May,2020
ITGS SL,ITGS,SL,1291,4.49,0.3,4.9,16.4,31.2,25.2,15.6,6.5,May,2020
MOD HIST KAZ SL,MOD HIST KAZ,SL,10,5.9,0,0,0,0,10,90,0,May,2020
PHILOSOPHY HL,PHILOSOPHY,HL,1739,5.35,0,0.3,4.1,19.9,30.2,26.6,18.8,May,2020
PHILOSOPHY SL,PHILOSOPHY,SL,2279,5.15,0,1,7.6,21.9,28.8,26.6,14.1,May,2020
POLITICAL TH. SL,POLITICAL TH.,SL,30,5.83,0,0,0,16.7,16.7,33.3,33.3,May,2020
PSYCHOLOGY HL,PSYCHOLOGY,HL,11836,5.19,0,1.6,6.8,20.9,26.1,30.6,14,May,2020
PSYCHOLOGY SL,PSYCHOLOGY,SL,10903,4.78,0.3,4.4,11.1,26.2,26,23.5,8.5,May,2020
SOC.CUL.ANTH. HL,SOC.CUL.ANTH.,HL,788,5.07,0.3,1.2,10.2,22.9,24.9,26,14.6,May,2020
SOC.CUL.ANTH. SL,SOC.CUL.ANTH.,SL,1724,4.83,0.2,3.5,9.9,29.1,22,27.2,8.2,May,2020
TURK 20TH CEN SL,TURK 20TH CEN,SL,541,5.75,0,0.4,3.4,11,23.7,29.1,32.5,May,2020
WLD ART CULT SL,WLD ART CULT,SL,56,6.04,0,0,0,3.6,26.8,32.1,37.5,May,2020
ASTRONOMY SL,ASTRONOMY,SL,60,5.09,1.8,1.8,8.8,15.8,33.3,22.8,15.8,May,2020
BIOLOGY HL,BIOLOGY,HL,31441,4.72,0.5,3.7,15.3,24.5,25.6,20.8,9.7,May,2020
BIOLOGY SL,BIOLOGY,SL,21449,4.45,0.4,5.1,20.5,26.8,24.1,16.9,6.3,May,2020
CHEMISTRY HL,CHEMISTRY,HL,16907,4.92,0.4,2.6,13,21,26.6,24.3,12.2,May,2020
CHEMISTRY SL,CHEMISTRY,SL,15570,4.34,1.1,6.6,22.2,26.2,21.3,15.9,6.7,May,2020
COMPUTER SC. HL,COMPUTER SC.,HL,2605,4.76,0.7,6,13.8,20.6,26.9,19.1,12.9,May,2020
COMPUTER SC. SL,COMPUTER SC.,SL,2307,4.26,1.6,10.3,20.2,23.9,22.5,14.9,6.5,May,2020
DESIGN TECH. HL,DESIGN TECH.,HL,1411,4.46,0.2,5,13.3,36.1,24.3,17.5,3.5,May,2020
DESIGN TECH. SL,DESIGN TECH.,SL,1383,3.95,0,8.8,29.7,30.4,21.5,8.1,1.6,May,2020
MARINE SCI. SL,MARINE SCI.,SL,276,4.76,0,6.8,14,23.2,24,16.8,15.2,May,2020
NOS SL,NOS,SL,205,4.52,0,7.8,15.6,25.9,25.9,17.1,7.8,May,2020
PHYSICS HL,PHYSICS,HL,14046,5.29,0.3,1.5,8.9,17.3,25.3,23.1,23.6,May,2020
PHYSICS SL,PHYSICS,SL,12848,4.7,0.5,3.6,16.4,24.6,26.3,16.6,12,May,2020
SPORTS EX SCI HL,SPORTS EX SCI,HL,816,4.84,0.1,2.5,15.7,21.7,26.1,22.6,11.3,May,2020
FURTH. MATHS HL,FURTH. MATHS,HL,264,5.19,1.2,6,17.9,9.5,13.1,17.5,34.9,May,2020
MATH.STUDIES SL,MATH.STUDIES,SL,36138,4.46,1.4,6.2,13.6,27.8,30.8,14.5,5.5,May,2020
MATHEMATICS HL,MATHEMATICS,HL,16756,5.05,0.3,2.6,9.9,21.5,27.8,20.6,17.3,May,2020
MATHEMATICS SL,MATHEMATICS,SL,50756,4.8,0.6,3.5,10.5,24.7,30.3,22.4,7.9,May,2020
DANCE HL,DANCE,HL,380,4.62,0,4.5,15.8,25.6,27.9,19.4,6.8,May,2020
DANCE SL,DANCE,SL,448,4.15,0.3,2.3,36.9,25,18,13.4,4.1,May,2020
FILM HL,FILM,HL,2829,4.35,0.4,6.7,17,31.2,27.6,12.6,4.5,May,2020
FILM SL,FILM,SL,1421,3.99,0.8,11.9,22.5,32.5,19.1,10.8,2.5,May,2020
MUSIC HL,MUSIC,HL,1301,4.93,0,1.6,10.5,20.9,35.9,22.5,8.5,May,2020
MUSIC SL,MUSIC,SL,2128,4.95,0.1,1.6,9.6,19,37.5,25.3,6.7,May,2020
THEATRE HL,THEATRE,HL,2448,4.89,0.1,2.2,8.7,26.8,30.1,23.9,8.3,May,2020
THEATRE PILOT HL,THEATRE PILOT,HL,238,5.61,0,0,2.6,12.8,31.5,27.7,25.5,May,2020
THEATRE PILOT SL,THEATRE PILOT,SL,52,5.47,0,0,2,22.4,20.4,36.7,18.4,May,2020
THEATRE SL,THEATRE,SL,1107,4.56,0.5,4.2,12.9,32.4,28.1,15.2,6.7,May,2020
VISUAL ARTS HL,VISUAL ARTS,HL,10210,4.21,0.2,5.9,22.5,31,27.6,10.3,2.6,May,2020
VISUAL ARTS SL,VISUAL ARTS,SL,5584,3.85,0.1,8,32.3,33.5,19.8,5.1,1.2,May,2020
ENV. AND SOC. SL,ENV. AND SOC.,SL,15949,4.36,0.9,6.5,22.5,23.1,26.4,14.4,6.3,May,2020
LIT AND PERF SL,LIT AND PERF,SL,567,4.73,0,1.8,14.3,25.3,33.6,18.1,7,May,2020
,,,,,,,,,,,,,
,,,,,,,,,,,,,
,,,,,,,,,,,,,
,,,,,,,,,,,,,
,,,,,,,,,,,,,
